   111 -0.106600 0.046400 -0.060400 -0.022724 0.007641 -0.999713 -0.193517 -0.981092 -0.003172 -0.980834 0.193389 0.023773 0.999304
   112 -0.106600 0.046400 -0.060400 -0.193517 -0.981092 -0.003172 0.022724 -0.007641 0.999713 -0.980834 0.193389 0.023773 -0.003314
   113 -0.106600 0.046400 -0.060400 -0.022724 0.007641 -0.999713 -0.193517 -0.981092 -0.003172 -0.980834 0.193389 0.023773 -0.000327
   121 -0.102000 0.063100 -0.025600 -0.004035 0.006029 -0.999974 -0.256333 -0.966577 -0.004803 -0.966580 0.256306 0.005445 0.999019
   122 -0.102000 0.063100 -0.025600 -0.004035 0.006029 -0.999974 -0.256333 -0.966577 -0.004803 -0.966580 0.256306 0.005445 -0.008459
   123 -0.102000 0.063100 -0.025600 -0.256333 -0.966577 -0.004803 0.004035 -0.006029 0.999974 -0.966580 0.256306 0.005445 -0.000110
   131 -0.108500 0.030200 -0.026600 0.007993 0.001806 -0.999966 -0.087419 -0.996169 -0.002460 -0.996140 0.087435 -0.007804 0.999033
   132 -0.108500 0.030200 -0.026600 0.007993 0.001806 -0.999966 -0.087419 -0.996169 -0.002460 -0.996140 0.087435 -0.007804 -0.017058
   133 -0.108500 0.030200 -0.026600 -0.087419 -0.996169 -0.002460 -0.007993 -0.001806 0.999966 -0.996140 0.087435 -0.007804 -0.000095
   141 -0.109900 0.013100 -0.062700 -0.035973 0.002382 -0.999350 -0.028014 -0.999606 -0.001435 -0.998960 0.027944 0.036025 0.999508
   142 -0.109900 0.013100 -0.062700 -0.028014 -0.999606 -0.001435 0.035973 -0.002382 0.999350 -0.998960 0.027944 0.036025 -0.002885
   143 -0.109900 0.013100 -0.062700 -0.035973 0.002382 -0.999350 -0.028014 -0.999606 -0.001435 -0.998960 0.027944 0.036025 -0.004411
   211 -0.107400 0.032900 0.008000 -0.057689 0.008347 -0.998300 -0.097285 -0.995253 -0.002734 -0.993583 0.096962 0.058227 1.001248
   212 -0.107400 0.032900 0.008000 -0.097285 -0.995253 -0.002734 0.057689 -0.008347 0.998300 -0.993583 0.096962 0.058227 -0.002669
   213 -0.107400 0.032900 0.008000 -0.057689 0.008347 -0.998300 -0.097285 -0.995253 -0.002734 -0.993583 0.096962 0.058227 -0.002598
   221 -0.098900 0.040300 0.041300 -0.333909 0.058301 -0.940801 -0.159734 -0.987150 -0.004467 -0.928972 0.148786 0.338930 1.004818
   222 -0.098900 0.040300 0.041300 -0.333909 0.058301 -0.940801 -0.159734 -0.987150 -0.004467 -0.928972 0.148786 0.338930 0.000370
   223 -0.098900 0.040300 0.041300 -0.159734 -0.987150 -0.004467 0.333909 -0.058301 0.940801 -0.928972 0.148786 0.338930 -0.000379
   231 -0.101100 0.004400 0.040800 -0.340717 0.009232 -0.940121 0.038081 -0.998996 -0.023604 -0.939395 -0.043843 0.340023 1.005249
   232 -0.101100 0.004400 0.040800 -0.340717 0.009232 -0.940121 0.038081 -0.998996 -0.023604 -0.939395 -0.043843 0.340023 0.010262
   233 -0.101100 0.004400 0.040800 0.038081 -0.998996 -0.023604 0.340717 -0.009232 0.940121 -0.939395 -0.043843 0.340023 -0.000172
   241 -0.108300 -0.001100 0.007100 -0.067198 -0.010400 -0.997685 0.085998 -0.996285 0.004632 -0.994027 -0.085487 0.067843 1.001971
   242 -0.108300 -0.001100 0.007100 0.085998 -0.996285 0.004632 0.067198 0.010400 0.997685 -0.994027 -0.085487 0.067843 -0.001798
   243 -0.108300 -0.001100 0.007100 -0.067198 -0.010400 -0.997685 0.085998 -0.996285 0.004632 -0.994027 -0.085487 0.067843 -0.008932
   311 -0.086100 0.098800 0.009000 -0.039315 0.120432 -0.991943 -0.481234 -0.872280 -0.086843 -0.875711 0.473942 0.092249 1.000124
   312 -0.086100 0.098800 0.009000 -0.481234 -0.872280 -0.086843 0.039315 -0.120432 0.991943 -0.875711 0.473942 0.092249 -0.002019
   313 -0.086100 0.098800 0.009000 -0.039315 0.120432 -0.991943 -0.481234 -0.872280 -0.086843 -0.875711 0.473942 0.092249 -0.002288
   321 -0.088700 0.075700 0.041200 -0.343023 0.115406 -0.932211 -0.368197 -0.929524 0.020412 -0.864157 0.350238 0.361340 1.003347
   322 -0.088700 0.075700 0.041200 -0.343023 0.115406 -0.932211 -0.368197 -0.929524 0.020412 -0.864157 0.350238 0.361340 -0.008830
   323 -0.088700 0.075700 0.041200 -0.368197 -0.929524 0.020412 0.343023 -0.115406 0.932211 -0.864157 0.350238 0.361340 -0.000226
   331 -0.070200 0.075800 0.070700 -0.585142 0.224742 -0.779167 -0.392081 -0.919468 0.029184 -0.709859 0.322574 0.626135 1.006517
   332 -0.070200 0.075800 0.070700 -0.392081 -0.919468 0.029184 0.585142 -0.224742 0.779167 -0.709859 0.322574 0.626135 -0.002078
   333 -0.070200 0.075800 0.070700 -0.585142 0.224742 -0.779167 -0.392081 -0.919468 0.029184 -0.709859 0.322574 0.626135 0.001458
   341 -0.100300 0.065900 0.008100 -0.066530 0.024919 -0.997473 -0.285238 -0.958444 -0.004927 -0.956145 0.284189 0.070872 1.001630
   342 -0.100300 0.065900 0.008100 -0.285238 -0.958444 -0.004927 0.066530 -0.024919 0.997473 -0.956145 0.284189 0.070872 -0.003749
   343 -0.100300 0.065900 0.008100 -0.066530 0.024919 -0.997473 -0.285238 -0.958444 -0.004927 -0.956145 0.284189 0.070872 -0.005707
   411 -0.080800 0.041300 0.072000 -0.632288 0.047236 -0.773292 -0.135198 -0.989552 0.050080 -0.762847 0.136212 0.632069 1.006163
   412 -0.080800 0.041300 0.072000 -0.135198 -0.989552 0.050080 0.632288 -0.047236 0.773292 -0.762847 0.136212 0.632069 -0.002278
   413 -0.080800 0.041300 0.072000 -0.632288 0.047236 -0.773292 -0.135198 -0.989552 0.050080 -0.762847 0.136212 0.632069 -0.006259
   421 -0.052600 0.040600 0.095200 -0.874666 -0.019792 -0.484322 -0.055437 -0.988530 0.140484 -0.481547 0.149726 0.863536 0.998810
   422 -0.052600 0.040600 0.095200 -0.874666 -0.019792 -0.484322 -0.055437 -0.988530 0.140484 -0.481547 0.149726 0.863536 -0.002883
   423 -0.052600 0.040600 0.095200 -0.055437 -0.988530 0.140484 0.874666 0.019792 0.484322 -0.481547 0.149726 0.863536 0.000334
   431 -0.053700 0.005900 0.096900 -0.871152 -0.017843 -0.490690 0.026954 -0.999569 -0.011672 -0.490270 -0.023394 0.871256 0.991627
   432 -0.053700 0.005900 0.096900 -0.871152 -0.017843 -0.490690 0.026954 -0.999569 -0.011672 -0.490270 -0.023394 0.871256 -0.001487
   433 -0.053700 0.005900 0.096900 0.026954 -0.999569 -0.011672 0.871152 0.017843 0.490690 -0.490270 -0.023394 0.871256 0.000992
   441 -0.082900 0.006200 0.072800 -0.641200 0.002560 -0.767370 0.041601 -0.998409 -0.038054 -0.766247 -0.056324 0.640073 1.005046
   442 -0.082900 0.006200 0.072800 0.041601 -0.998409 -0.038054 0.641200 -0.002560 0.767370 -0.766247 -0.056324 0.640073 -0.001836
   443 -0.082900 0.006200 0.072800 -0.641200 0.002560 -0.767370 0.041601 -0.998409 -0.038054 -0.766247 -0.056324 0.640073 -0.000979
   511 -0.063700 0.125400 0.013600 0.012876 0.225050 -0.974262 -0.790920 -0.593840 -0.147647 -0.611783 0.772465 0.170350 0.997207
   512 -0.063700 0.125400 0.013600 -0.790920 -0.593840 -0.147647 -0.012876 -0.225050 0.974262 -0.611783 0.772465 0.170350 -0.002504
   513 -0.063700 0.125400 0.013600 0.012876 0.225050 -0.974262 -0.790920 -0.593840 -0.147647 -0.611783 0.772465 0.170350 0.000347
   521 -0.033200 0.139700 0.017400 0.006770 0.231046 -0.972919 -0.957191 -0.280062 -0.073154 -0.289380 0.931764 0.219259 0.993240
   522 -0.033200 0.139700 0.017400 -0.957191 -0.280062 -0.073154 -0.006770 -0.231046 0.972919 -0.289380 0.931764 0.219259 -0.002834
   523 -0.033200 0.139700 0.017400 0.006770 0.231046 -0.972919 -0.957191 -0.280062 -0.073154 -0.289380 0.931764 0.219259 0.000307
   531 -0.033700 0.127400 0.048500 -0.052179 0.469712 -0.881277 -0.961468 -0.262140 -0.082838 -0.269928 0.842997 0.465291 0.997445
   532 -0.033700 0.127400 0.048500 -0.052179 0.469712 -0.881277 -0.961468 -0.262140 -0.082838 -0.269928 0.842997 0.465291 -0.002302
   533 -0.033700 0.127400 0.048500 -0.961468 -0.262140 -0.082838 0.052179 -0.469712 0.881277 -0.269928 0.842997 0.465291 -0.000309
   541 -0.067200 0.108900 0.044300 -0.170711 0.377360 -0.910196 -0.710945 -0.686771 -0.151337 -0.682205 0.621264 0.385522 1.000994
   542 -0.067200 0.108900 0.044300 -0.170711 0.377360 -0.910196 -0.710945 -0.686771 -0.151337 -0.682205 0.621264 0.385522 -0.006184
   543 -0.067200 0.108900 0.044300 -0.710945 -0.686771 -0.151337 0.170711 -0.377360 0.910196 -0.682205 0.621264 0.385522 0.000046
   611 -0.035800 0.104800 0.075000 -0.006329 0.764262 -0.644875 -0.955714 -0.194351 -0.220993 -0.294229 0.614917 0.731646 1.006906
   612 -0.035800 0.104800 0.075000 -0.955714 -0.194351 -0.220993 0.006329 -0.764262 0.644875 -0.294229 0.614917 0.731646 -0.004252
   613 -0.035800 0.104800 0.075000 -0.006329 0.764262 -0.644875 -0.955714 -0.194351 -0.220993 -0.294229 0.614917 0.731646 0.001205
   621 0.000100 0.077500 0.096700 0.000200 0.915242 -0.402905 -1.000000 0.000178 -0.000309 -0.000212 0.402906 0.915242 1.003911
   622 0.000100 0.077500 0.096700 0.000200 0.915242 -0.402905 -1.000000 0.000178 -0.000309 -0.000212 0.402906 0.915242 -0.002574
   623 0.000100 0.077500 0.096700 -1.000000 0.000178 -0.000309 -0.000200 -0.915242 0.402905 -0.000212 0.402906 0.915242 -0.000562
   631 -0.018400 0.044000 0.106300 0.006591 0.983807 -0.179109 -0.991260 -0.017080 -0.130814 -0.131754 0.178407 0.975096 0.990294
   632 -0.018400 0.044000 0.106300 -0.991260 -0.017080 -0.130814 -0.006591 -0.983807 0.179109 -0.131754 0.178407 0.975096 -0.005884
   633 -0.018400 0.044000 0.106300 0.006591 0.983807 -0.179109 -0.991260 -0.017080 -0.130814 -0.131754 0.178407 0.975096 -0.000079
   641 -0.036800 0.075300 0.092200 -0.024495 0.895660 -0.444064 -0.951097 -0.157670 -0.265622 -0.307922 0.415842 0.855722 1.004540
   642 -0.036800 0.075300 0.092200 -0.024495 0.895660 -0.444064 -0.951097 -0.157670 -0.265622 -0.307922 0.415842 0.855722 -0.003009
   643 -0.036800 0.075300 0.092200 -0.951097 -0.157670 -0.265622 0.024495 -0.895660 0.444064 -0.307922 0.415842 0.855722 -0.001873
   711 -0.018500 0.010500 0.109600 -0.988997 -0.011901 -0.147454 0.013956 -0.999816 -0.013161 -0.147270 -0.015075 0.988981 0.978620
   712 -0.018500 0.010500 0.109600 0.013956 -0.999816 -0.013161 0.988997 0.011901 0.147454 -0.147270 -0.015075 0.988981 -0.003994
   713 -0.018500 0.010500 0.109600 -0.988997 -0.011901 -0.147454 0.013956 -0.999816 -0.013161 -0.147270 -0.015075 0.988981 -0.003149
   721 0.018600 0.010500 0.109600 0.987285 -0.007511 -0.158784 0.003398 0.999654 -0.026090 0.158925 0.025219 0.986969 0.978756
   722 0.018600 0.010500 0.109600 0.003398 0.999654 -0.026090 -0.987285 0.007511 0.158784 0.158925 0.025219 0.986969 -0.003866
   723 0.018600 0.010500 0.109600 0.987285 -0.007511 -0.158784 0.003398 0.999654 -0.026090 0.158925 0.025219 0.986969 -0.003102
   731 0.018600 -0.023300 0.105900 -0.036752 -0.970060 -0.240067 0.988535 -0.000101 -0.150993 0.146448 -0.242865 0.958942 0.974113
   732 0.018600 -0.023300 0.105900 0.988535 -0.000101 -0.150993 0.036752 0.970060 0.240067 0.146448 -0.242865 0.958942 -0.005883
   733 0.018600 -0.023300 0.105900 -0.036752 -0.970060 -0.240067 0.988535 -0.000101 -0.150993 0.146448 -0.242865 0.958942 0.000655
   741 -0.018500 -0.023700 0.105800 0.039099 -0.970394 -0.238343 0.992711 0.010430 0.120066 -0.114026 -0.241301 0.963728 0.974088
   742 -0.018500 -0.023700 0.105800 0.992711 0.010430 0.120066 -0.039099 0.970394 0.238343 -0.114026 -0.241301 0.963728 -0.004216
   743 -0.018500 -0.023700 0.105800 0.039099 -0.970394 -0.238343 0.992711 0.010430 0.120066 -0.114026 -0.241301 0.963728 0.001144
   811 0.000100 0.144500 0.018700 -0.000449 0.264155 -0.964480 -0.999943 -0.010387 -0.002343 -0.010637 0.964424 0.264145 0.993477
   812 0.000100 0.144500 0.018700 -0.999943 -0.010387 -0.002343 0.000449 -0.264155 0.964480 -0.010637 0.964424 0.264145 -0.005715
   813 0.000100 0.144500 0.018700 -0.000449 0.264155 -0.964480 -0.999943 -0.010387 -0.002343 -0.010637 0.964424 0.264145 -0.001160
   821 0.000100 0.131600 0.050000 0.000710 0.493820 -0.869564 -0.999993 -0.003016 -0.002440 -0.003827 0.869559 0.493814 0.999450
   822 0.000100 0.131600 0.050000 0.000710 0.493820 -0.869564 -0.999993 -0.003016 -0.002440 -0.003827 0.869559 0.493814 -0.002669
   823 0.000100 0.131600 0.050000 -0.999993 -0.003016 -0.002440 -0.000710 -0.493820 0.869564 -0.003827 0.869559 0.493814 -0.001872
   911 0.033100 0.139700 0.017300 -0.002349 0.247048 -0.969000 -0.965379 0.252192 0.066653 0.260841 0.935609 0.237903 0.997439
   912 0.033100 0.139700 0.017300 -0.965379 0.252192 0.066653 0.002349 -0.247048 0.969000 0.260841 0.935609 0.237903 -0.004665
   913 0.033100 0.139700 0.017300 -0.002349 0.247048 -0.969000 -0.965379 0.252192 0.066653 0.260841 0.935609 0.237903 -0.001140
   921 0.063800 0.125300 0.013500 -0.016714 0.224532 -0.974323 -0.783178 0.602827 0.152422 0.621571 0.765616 0.165773 1.002351
   922 0.063800 0.125300 0.013500 -0.783178 0.602827 0.152422 0.016714 -0.224532 0.974323 0.621571 0.765616 0.165773 0.003341
   923 0.063800 0.125300 0.013500 -0.016714 0.224532 -0.974323 -0.783178 0.602827 0.152422 0.621571 0.765616 0.165773 -0.001078
   931 0.067100 0.108800 0.044400 0.174640 0.376713 -0.909719 -0.711265 0.687169 0.147988 0.680880 0.621206 0.387949 1.005457
   932 0.067100 0.108800 0.044400 0.174640 0.376713 -0.909719 -0.711265 0.687169 0.147988 0.680880 0.621206 0.387949 -0.000183
   933 0.067100 0.108800 0.044400 -0.711265 0.687169 0.147988 -0.174640 -0.376713 0.909719 0.680880 0.621206 0.387949 0.000988
   941 0.033800 0.127300 0.048600 0.055660 0.469088 -0.881396 -0.962949 0.258511 0.076820 0.263886 0.844463 0.466096 1.001778
   942 0.033800 0.127300 0.048600 0.055660 0.469088 -0.881396 -0.962949 0.258511 0.076820 0.263886 0.844463 0.466096 0.000647
   943 0.033800 0.127300 0.048600 -0.962949 0.258511 0.076820 -0.055660 -0.469088 0.881396 0.263886 0.844463 0.466096 -0.002496
  1011 0.000100 0.109300 0.077100 0.001058 0.754813 -0.655939 -0.999721 -0.014711 -0.018455 -0.023580 0.655776 0.754587 1.008081
  1012 0.000100 0.109300 0.077100 -0.999721 -0.014711 -0.018455 -0.001058 -0.754813 0.655939 -0.023580 0.655776 0.754587 -0.005055
  1013 0.000100 0.109300 0.077100 0.001058 0.754813 -0.655939 -0.999721 -0.014711 -0.018455 -0.023580 0.655776 0.754587 0.000769
  1021 0.035800 0.104800 0.075000 0.003843 0.761459 -0.648202 -0.961633 0.180647 0.206469 0.274314 0.622539 0.732938 1.010623
  1022 0.035800 0.104800 0.075000 -0.961633 0.180647 0.206469 -0.003843 -0.761459 0.648202 0.274314 0.622539 0.732938 -0.006879
  1023 0.035800 0.104800 0.075000 0.003843 0.761459 -0.648202 -0.961633 0.180647 0.206469 0.274314 0.622539 0.732938 0.000230
  1031 0.036800 0.075200 0.092300 0.029285 0.896150 -0.442784 -0.950376 0.162205 0.265470 0.309722 0.413037 0.856430 1.006611
  1032 0.036800 0.075200 0.092300 0.029285 0.896150 -0.442784 -0.950376 0.162205 0.265470 0.309722 0.413037 0.856430 -0.001065
  1033 0.036800 0.075200 0.092300 -0.950376 0.162205 0.265470 -0.029285 -0.896150 0.442784 0.309722 0.413037 0.856430 -0.001444
  1041 0.018400 0.044200 0.106200 -0.013952 0.979243 -0.202209 -0.991653 0.012376 0.128343 0.128181 0.202312 0.970896 0.991993
  1042 0.018400 0.044200 0.106200 -0.991653 0.012376 0.128343 0.013952 -0.979243 0.202209 0.128181 0.202312 0.970896 -0.002735
  1043 0.018400 0.044200 0.106200 -0.013952 0.979243 -0.202209 -0.991653 0.012376 0.128343 0.128181 0.202312 0.970896 0.000978
  1111 0.052500 0.040600 0.095300 0.872688 -0.018538 -0.487927 -0.054343 0.989379 -0.134815 0.485243 0.144167 0.862412 1.000061
  1112 0.052500 0.040600 0.095300 0.872688 -0.018538 -0.487927 -0.054343 0.989379 -0.134815 0.485243 0.144167 0.862412 -0.000086
  1113 0.052500 0.040600 0.095300 -0.054343 0.989379 -0.134815 -0.872688 0.018538 0.487927 0.485243 0.144167 0.862412 0.001469
  1121 0.080900 0.041300 0.072100 0.635914 0.050165 -0.770128 -0.172312 0.981923 -0.078333 0.752277 0.182515 0.633062 1.009052
  1122 0.080900 0.041300 0.072100 -0.172312 0.981923 -0.078333 -0.635914 -0.050165 0.770128 0.752277 0.182515 0.633062 -0.002652
  1123 0.080900 0.041300 0.072100 0.635914 0.050165 -0.770128 -0.172312 0.981923 -0.078333 0.752277 0.182515 0.633062 0.000843
  1131 0.082800 0.006100 0.072800 0.638804 0.000722 -0.769369 0.010028 0.999907 0.009302 0.769304 -0.013657 0.638737 1.004455
  1132 0.082800 0.006100 0.072800 0.010028 0.999907 0.009302 -0.638804 -0.000722 0.769369 0.769304 -0.013657 0.638737 -0.002890
  1133 0.082800 0.006100 0.072800 0.638804 0.000722 -0.769369 0.010028 0.999907 0.009302 0.769304 -0.013657 0.638737 -0.000224
  1141 0.053500 0.006200 0.097000 0.871235 -0.018296 -0.490526 0.029620 0.999444 0.015336 0.489972 -0.027891 0.871292 0.991709
  1142 0.053500 0.006200 0.097000 0.871235 -0.018296 -0.490526 0.029620 0.999444 0.015336 0.489972 -0.027891 0.871292 -0.001327
  1143 0.053500 0.006200 0.097000 0.029620 0.999444 0.015336 -0.871235 0.018296 0.490526 0.489972 -0.027891 0.871292 0.001163
  1211 0.086200 0.098600 0.008900 0.052399 0.123541 -0.990955 -0.501064 0.861620 0.080910 0.863822 0.492293 0.107050 1.002920
  1212 0.086200 0.098600 0.008900 -0.501064 0.861620 0.080910 -0.052399 -0.123541 0.990955 0.863822 0.492293 0.107050 0.000135
  1213 0.086200 0.098600 0.008900 0.052399 0.123541 -0.990955 -0.501064 0.861620 0.080910 0.863822 0.492293 0.107050 0.000412
  1221 0.100300 0.066000 0.008200 0.067942 0.027781 -0.997302 -0.317484 0.948251 0.004847 0.945828 0.316298 0.073246 1.001264
  1222 0.100300 0.066000 0.008200 -0.317484 0.948251 0.004847 -0.067942 -0.027781 0.997302 0.945828 0.316298 0.073246 -0.003687
  1223 0.100300 0.066000 0.008200 0.067942 0.027781 -0.997302 -0.317484 0.948251 0.004847 0.945828 0.316298 0.073246 0.000851
  1231 0.088700 0.075700 0.041200 0.343137 0.115432 -0.932165 -0.374045 0.927127 -0.022910 0.861592 0.356533 0.361308 1.006137
  1232 0.088700 0.075700 0.041200 0.343137 0.115432 -0.932165 -0.374045 0.927127 -0.022910 0.861592 0.356533 0.361308 -0.005901
  1233 0.088700 0.075700 0.041200 -0.374045 0.927127 -0.022910 -0.343137 -0.115432 0.932165 0.861592 0.356533 0.361308 -0.001108
  1241 0.069900 0.075800 0.070900 0.609007 0.236256 -0.757161 -0.427975 0.901604 -0.062834 0.667814 0.362312 0.650195 1.011698
  1242 0.069900 0.075800 0.070900 -0.427975 0.901604 -0.062834 -0.609007 -0.236256 0.757161 0.667814 0.362312 0.650195 -0.003223
  1243 0.069900 0.075800 0.070900 0.609007 0.236256 -0.757161 -0.427975 0.901604 -0.062834 0.667814 0.362312 0.650195 -0.000121
  1311 0.098900 0.040400 0.041300 0.337491 0.059683 -0.939435 -0.168440 0.985710 0.002047 0.926132 0.157548 0.342721 1.005026
  1312 0.098900 0.040400 0.041300 0.337491 0.059683 -0.939435 -0.168440 0.985710 0.002047 0.926132 0.157548 0.342721 0.001256
  1313 0.098900 0.040400 0.041300 -0.168440 0.985710 0.002047 -0.337491 -0.059683 0.939435 0.926132 0.157548 0.342721 0.000125
  1321 0.107400 0.032900 0.008100 0.065759 0.011821 -0.997766 -0.134685 0.990884 0.002865 0.988704 0.134195 0.066752 1.001073
  1322 0.107400 0.032900 0.008100 -0.134685 0.990884 0.002865 -0.065759 -0.011821 0.997766 0.988704 0.134195 0.066752 -0.002480
  1323 0.107400 0.032900 0.008100 0.065759 0.011821 -0.997766 -0.134685 0.990884 0.002865 0.988704 0.134195 0.066752 0.000636
  1331 0.108300 -0.001100 0.006800 0.049122 -0.002192 -0.998790 0.060876 0.998145 0.000839 0.996936 -0.060843 0.049165 1.001137
  1332 0.108300 -0.001100 0.006800 0.060876 0.998145 0.000839 -0.049122 0.002192 0.998790 0.996936 -0.060843 0.049165 -0.003023
  1333 0.108300 -0.001100 0.006800 0.049122 -0.002192 -0.998790 0.060876 0.998145 0.000839 0.996936 -0.060843 0.049165 -0.005484
  1341 0.101000 0.004400 0.041000 0.343995 0.008211 -0.938936 0.036398 0.999095 0.022031 0.938266 -0.041754 0.343385 1.005282
  1342 0.101000 0.004400 0.041000 0.343995 0.008211 -0.938936 0.036398 0.999095 0.022031 0.938266 -0.041754 0.343385 -0.004662
  1343 0.101000 0.004400 0.041000 0.036398 0.999095 0.022031 -0.343995 -0.008211 0.938936 0.938266 -0.041754 0.343385 -0.000823
  1411 0.102000 0.063000 -0.026000 0.003804 0.008710 -0.999955 -0.271937 0.962287 0.007368 0.962308 0.271897 0.006029 0.998446
  1412 0.102000 0.063000 -0.026000 0.003804 0.008710 -0.999955 -0.271937 0.962287 0.007368 0.962308 0.271897 0.006029 0.000451
  1413 0.102000 0.063000 -0.026000 -0.271937 0.962287 0.007368 -0.003804 -0.008710 0.999955 0.962308 0.271897 0.006029 -0.001775
  1421 0.106500 0.046900 -0.060000 0.026121 0.010835 -0.999600 -0.173894 0.984745 0.006121 0.984418 0.173665 0.027606 0.997971
  1422 0.106500 0.046900 -0.060000 -0.173894 0.984745 0.006121 -0.026121 -0.010835 0.999600 0.984418 0.173665 0.027606 -0.003251
  1423 0.106500 0.046900 -0.060000 0.026121 0.010835 -0.999600 -0.173894 0.984745 0.006121 0.984418 0.173665 0.027606 0.001151
  1431 0.109800 0.013100 -0.062200 0.026924 0.004509 -0.999627 -0.002337 0.999988 0.004406 0.999635 0.002218 0.026934 0.997724
  1432 0.109800 0.013100 -0.062200 -0.002337 0.999988 0.004406 -0.026924 -0.004509 0.999627 0.999635 0.002218 0.026934 -0.002944
  1433 0.109800 0.013100 -0.062200 0.026924 0.004509 -0.999627 -0.002337 0.999988 0.004406 0.999635 0.002218 0.026934 0.001174
  1441 0.108300 0.030100 -0.026200 -0.007590 0.004332 -0.999962 -0.103565 0.994609 0.005165 0.994594 0.103601 -0.007100 0.997698
  1442 0.108300 0.030100 -0.026200 -0.007590 0.004332 -0.999962 -0.103565 0.994609 0.005165 0.994594 0.103601 -0.007100 0.006615
  1443 0.108300 0.030100 -0.026200 -0.103565 0.994609 0.005165 0.007590 -0.004332 0.999962 0.994594 0.103601 -0.007100 0.000233
  1511 -0.108800 -0.003200 -0.028400 0.019913 0.000742 -0.999801 0.088915 -0.996039 0.000975 -0.995840 -0.088917 -0.019900 1.000288
  1512 -0.108800 -0.003200 -0.028400 0.019913 0.000742 -0.999801 0.088915 -0.996039 0.000975 -0.995840 -0.088917 -0.019900 -0.015158
  1513 -0.108800 -0.003200 -0.028400 0.088915 -0.996039 0.000975 -0.019913 -0.000742 0.999801 -0.995840 -0.088917 -0.019900 -0.000221
  1521 -0.101700 -0.036000 -0.028100 0.027901 0.002717 -0.999607 0.348231 -0.937381 0.007214 -0.936993 -0.348295 -0.027100 1.000978
  1522 -0.101700 -0.036000 -0.028100 0.027901 0.002717 -0.999607 0.348231 -0.937381 0.007214 -0.936993 -0.348295 -0.027100 -0.022490
  1523 -0.101700 -0.036000 -0.028100 0.348231 -0.937381 0.007214 -0.027901 -0.002717 0.999607 -0.936993 -0.348295 -0.027100 -0.001230
  1531 -0.095100 -0.052400 -0.062300 -0.034819 -0.009814 -0.999345 0.449942 -0.893031 -0.006878 -0.892379 -0.449887 0.035510 1.000964
  1532 -0.095100 -0.052400 -0.062300 0.449942 -0.893031 -0.006878 0.034819 0.009814 0.999345 -0.892379 -0.449887 0.035510 -0.001123
  1533 -0.095100 -0.052400 -0.062300 -0.034819 -0.009814 -0.999345 0.449942 -0.893031 -0.006878 -0.892379 -0.449887 0.035510 -0.003651
  1541 -0.106800 -0.020500 -0.062500 -0.032856 -0.002111 -0.999458 0.194114 -0.980969 -0.004322 -0.980428 -0.194152 0.032640 1.000409
  1542 -0.106800 -0.020500 -0.062500 0.194114 -0.980969 -0.004322 0.032856 0.002111 0.999458 -0.980428 -0.194152 0.032640 -0.001503
  1543 -0.106800 -0.020500 -0.062500 -0.032856 -0.002111 -0.999458 0.194114 -0.980969 -0.004322 -0.980428 -0.194152 0.032640 -0.003359
  1611 -0.101700 -0.033900 0.005600 -0.057088 -0.027528 -0.997990 0.337828 -0.941184 0.006688 -0.939476 -0.336767 0.063030 1.003603
  1612 -0.101700 -0.033900 0.005600 0.337828 -0.941184 0.006688 0.057088 0.027528 0.997990 -0.939476 -0.336767 0.063030 -0.000275
  1613 -0.101700 -0.033900 0.005600 -0.057088 -0.027528 -0.997990 0.337828 -0.941184 0.006688 -0.939476 -0.336767 0.063030 -0.000133
  1621 -0.095200 -0.030800 0.039100 -0.312303 -0.053944 -0.948450 0.308817 -0.949931 -0.047570 -0.898396 -0.307754 0.313325 1.006384
  1622 -0.095200 -0.030800 0.039100 -0.312303 -0.053944 -0.948450 0.308817 -0.949931 -0.047570 -0.898396 -0.307754 0.313325 0.011249
  1623 -0.095200 -0.030800 0.039100 0.308817 -0.949931 -0.047570 0.312303 0.053944 0.948450 -0.898396 -0.307754 0.313325 0.000643
  1631 -0.078100 -0.062800 0.039400 -0.250278 -0.192817 -0.948780 0.600471 -0.799636 0.004079 -0.759465 -0.568693 0.315913 1.008360
  1632 -0.078100 -0.062800 0.039400 -0.250278 -0.192817 -0.948780 0.600471 -0.799636 0.004079 -0.759465 -0.568693 0.315913 0.006032
  1633 -0.078100 -0.062800 0.039400 0.600471 -0.799636 0.004079 0.250278 0.192817 0.948780 -0.759465 -0.568693 0.315913 0.001108
  1641 -0.086600 -0.064000 0.005500 -0.055367 -0.044698 -0.997465 0.570817 -0.821062 0.005054 -0.819207 -0.569090 0.070974 1.004597
  1642 -0.086600 -0.064000 0.005500 0.570817 -0.821062 0.005054 0.055367 0.044698 0.997465 -0.819207 -0.569090 0.070974 -0.001318
  1643 -0.086600 -0.064000 0.005500 -0.055367 -0.044698 -0.997465 0.570817 -0.821062 0.005054 -0.819207 -0.569090 0.070974 -0.003686
  1711 -0.075800 -0.079700 -0.062100 -0.008931 -0.023454 -0.999685 0.670464 -0.741855 0.011371 -0.741888 -0.670151 0.022351 1.000457
  1712 -0.075800 -0.079700 -0.062100 0.670464 -0.741855 0.011371 0.008931 0.023454 0.999685 -0.741888 -0.670151 0.022351 0.002080
  1713 -0.075800 -0.079700 -0.062100 -0.008931 -0.023454 -0.999685 0.670464 -0.741855 0.011371 -0.741888 -0.670151 0.022351 -0.001634
  1721 -0.086100 -0.066000 -0.028200 0.022699 0.009329 -0.999699 0.579093 -0.815243 0.005537 -0.814946 -0.579044 -0.023907 1.001114
  1722 -0.086100 -0.066000 -0.028200 0.022699 0.009329 -0.999699 0.579093 -0.815243 0.005537 -0.814946 -0.579044 -0.023907 -0.020481
  1723 -0.086100 -0.066000 -0.028200 0.579093 -0.815243 0.005537 -0.022699 -0.009329 0.999699 -0.814946 -0.579044 -0.023907 -0.000227
  1731 -0.063200 -0.090500 -0.027800 0.023994 0.034530 -0.999116 0.812047 -0.583591 -0.000616 -0.583096 -0.811314 -0.042044 0.999528
  1732 -0.063200 -0.090500 -0.027800 0.023994 0.034530 -0.999116 0.812047 -0.583591 -0.000616 -0.583096 -0.811314 -0.042044 -0.021848
  1733 -0.063200 -0.090500 -0.027800 0.812047 -0.583591 -0.000616 -0.023994 -0.034530 0.999116 -0.583096 -0.811314 -0.042044 -0.000451
  1741 -0.048900 -0.099400 -0.062100 -0.020910 -0.033331 -0.999226 0.888480 -0.458904 -0.003277 -0.458439 -0.887861 0.039210 0.996635
  1742 -0.048900 -0.099400 -0.062100 0.888480 -0.458904 -0.003277 0.020910 0.033331 0.999226 -0.458439 -0.887861 0.039210 -0.002151
  1743 -0.048900 -0.099400 -0.062100 -0.020910 -0.033331 -0.999226 0.888480 -0.458904 -0.003277 -0.458439 -0.887861 0.039210 -0.006739
  1811 -0.078600 -0.028700 0.069600 -0.612872 -0.039121 -0.789213 0.251198 -0.956606 -0.147663 -0.749189 -0.288747 0.596104 1.005474
  1812 -0.078600 -0.028700 0.069600 0.251198 -0.956606 -0.147663 0.612872 0.039121 0.789213 -0.749189 -0.288747 0.596104 -0.001863
  1813 -0.078600 -0.028700 0.069600 -0.612872 -0.039121 -0.789213 0.251198 -0.956606 -0.147663 -0.749189 -0.288747 0.596104 -0.003204
  1821 -0.051800 -0.027700 0.092700 -0.861352 0.024148 -0.507434 0.107406 -0.967589 -0.228551 -0.496506 -0.251365 0.830841 0.990024
  1822 -0.051800 -0.027700 0.092700 -0.861352 0.024148 -0.507434 0.107406 -0.967589 -0.228551 -0.496506 -0.251365 0.830841 -0.002173
  1823 -0.051800 -0.027700 0.092700 0.107406 -0.967589 -0.228551 0.861352 -0.024148 0.507434 -0.496506 -0.251365 0.830841 0.000397
  1831 -0.018100 -0.054200 0.092300 0.069292 -0.846736 -0.527481 0.988810 -0.011697 0.148724 -0.132100 -0.531883 0.836451 0.985267
  1832 -0.018100 -0.054200 0.092300 0.069292 -0.846736 -0.527481 0.988810 -0.011697 0.148724 -0.132100 -0.531883 0.836451 -0.001542
  1833 -0.018100 -0.054200 0.092300 0.988810 -0.011697 0.148724 -0.069292 0.846736 0.527481 -0.132100 -0.531883 0.836451 -0.000390
  1841 -0.055200 -0.062700 0.070700 -0.380549 -0.495676 -0.780697 0.780311 -0.625172 0.016583 -0.496291 -0.602876 0.624689 1.003523
  1842 -0.055200 -0.062700 0.070700 0.780311 -0.625172 0.016583 0.380549 0.495676 0.780697 -0.496291 -0.602876 0.624689 -0.000298
  1843 -0.055200 -0.062700 0.070700 -0.380549 -0.495676 -0.780697 0.780311 -0.625172 0.016583 -0.496291 -0.602876 0.624689 -0.000398
  1911 -0.051300 -0.086100 0.039700 -0.148793 -0.290666 -0.945185 0.880658 -0.473699 0.007075 -0.449790 -0.831332 0.326461 1.007766
  1912 -0.051300 -0.086100 0.039700 -0.148793 -0.290666 -0.945185 0.880658 -0.473699 0.007075 -0.449790 -0.831332 0.326461 0.003650
  1913 -0.051300 -0.086100 0.039700 0.880658 -0.473699 0.007075 0.148793 0.290666 0.945185 -0.449790 -0.831332 0.326461 -0.000004
  1921 -0.033500 -0.103300 0.006200 -0.041527 -0.131532 -0.990442 0.960308 -0.278923 -0.003225 -0.275832 -0.951263 0.137893 1.002688
  1922 -0.033500 -0.103300 0.006200 0.960308 -0.278923 -0.003225 0.041527 0.131532 0.990442 -0.275832 -0.951263 0.137893 -0.008245
  1923 -0.033500 -0.103300 0.006200 -0.041527 -0.131532 -0.990442 0.960308 -0.278923 -0.003225 -0.275832 -0.951263 0.137893 0.005469
  1931 -0.033100 -0.105100 -0.027800 0.006052 0.016575 -0.999844 0.955154 -0.296108 0.000869 -0.296047 -0.955011 -0.017623 0.997316
  1932 -0.033100 -0.105100 -0.027800 0.006052 0.016575 -0.999844 0.955154 -0.296108 0.000869 -0.296047 -0.955011 -0.017623 -0.025117
  1933 -0.033100 -0.105100 -0.027800 0.955154 -0.296108 0.000869 -0.006052 -0.016575 0.999844 -0.296047 -0.955011 -0.017623 0.003092
  1941 -0.063600 -0.088400 0.006000 -0.060814 -0.081488 -0.994817 0.806863 -0.590738 -0.000890 -0.587604 -0.802735 0.101675 1.004417
  1942 -0.063600 -0.088400 0.006000 0.806863 -0.590738 -0.000890 0.060814 0.081488 0.994817 -0.587604 -0.802735 0.101675 0.003314
  1943 -0.063600 -0.088400 0.006000 -0.060814 -0.081488 -0.994817 0.806863 -0.590738 -0.000890 -0.587604 -0.802735 0.101675 0.004309
  2011 -0.018600 -0.080100 0.069000 -0.001199 -0.621644 -0.783299 0.992426 -0.096968 0.075423 -0.122842 -0.777275 0.617052 1.001320
  2012 -0.018600 -0.080100 0.069000 0.992426 -0.096968 0.075423 0.001199 0.621644 0.783299 -0.122842 -0.777275 0.617052 -0.005274
  2013 -0.018600 -0.080100 0.069000 -0.001199 -0.621644 -0.783299 0.992426 -0.096968 0.075423 -0.122842 -0.777275 0.617052 -0.000057
  2021 0.018600 -0.080200 0.068900 0.000591 -0.621874 -0.783117 0.987216 0.125199 -0.098643 0.159389 -0.773047 0.613998 0.999369
  2022 0.018600 -0.080200 0.068900 0.987216 0.125199 -0.098643 -0.000591 0.621874 0.783117 0.159389 -0.773047 0.613998 -0.004510
  2023 0.018600 -0.080200 0.068900 0.000591 -0.621874 -0.783117 0.987216 0.125199 -0.098643 0.159389 -0.773047 0.613998 0.000398
  2031 0.016900 -0.097200 0.039700 -0.001272 -0.366660 -0.930354 0.989280 0.135397 -0.054708 0.146026 -0.920450 0.362557 1.004820
  2032 0.016900 -0.097200 0.039700 -0.001272 -0.366660 -0.930354 0.989280 0.135397 -0.054708 0.146026 -0.920450 0.362557 0.004912
  2033 0.016900 -0.097200 0.039700 0.989280 0.135397 -0.054708 0.001272 0.366660 0.930354 0.146026 -0.920450 0.362557 0.001304
  2041 -0.017000 -0.097200 0.039700 0.000511 -0.367173 -0.930153 0.990274 -0.129208 0.051605 -0.139132 -0.921132 0.363536 1.005519
  2042 -0.017000 -0.097200 0.039700 0.000511 -0.367173 -0.930153 0.990274 -0.129208 0.051605 -0.139132 -0.921132 0.363536 0.002272
  2043 -0.017000 -0.097200 0.039700 0.990274 -0.129208 0.051605 -0.000511 0.367173 0.930153 -0.139132 -0.921132 0.363536 0.000606
  2111 0.000000 -0.108600 0.007000 -0.000370 -0.155837 -0.987783 0.999764 0.021406 -0.003765 0.021732 -0.987551 0.155793 1.000887
  2112 0.000000 -0.108600 0.007000 0.999764 0.021406 -0.003765 0.000370 0.155837 0.987783 0.021732 -0.987551 0.155793 -0.005779
  2113 0.000000 -0.108600 0.007000 -0.000370 -0.155837 -0.987783 0.999764 0.021406 -0.003765 0.021732 -0.987551 0.155793 0.007760
  2121 0.000000 -0.110600 -0.027500 0.000036 0.032866 -0.999460 0.999955 0.009495 0.000364 0.009502 -0.999415 -0.032864 0.995875
  2122 0.000000 -0.110600 -0.027500 0.000036 0.032866 -0.999460 0.999955 0.009495 0.000364 0.009502 -0.999415 -0.032864 -0.014104
  2123 0.000000 -0.110600 -0.027500 0.999955 0.009495 0.000364 -0.000036 -0.032866 0.999460 0.009502 -0.999415 -0.032864 0.002677
  2131 0.017000 -0.109800 -0.061800 0.012035 -0.028165 -0.999531 0.988182 0.153096 0.007648 0.152809 -0.987810 0.029674 0.992868
  2132 0.017000 -0.109800 -0.061800 0.988182 0.153096 0.007648 -0.012035 0.028165 0.999531 0.152809 -0.987810 0.029674 -0.002584
  2133 0.017000 -0.109800 -0.061800 0.012035 -0.028165 -0.999531 0.988182 0.153096 0.007648 0.152809 -0.987810 0.029674 -0.012541
  2141 -0.017100 -0.109800 -0.061900 -0.010437 -0.034400 -0.999354 0.981751 -0.190137 -0.003672 -0.189887 -0.981155 0.035756 0.993407
  2142 -0.017100 -0.109800 -0.061900 0.981751 -0.190137 -0.003672 0.010437 0.034400 0.999354 -0.189887 -0.981155 0.035756 -0.008217
  2143 -0.017100 -0.109800 -0.061900 -0.010437 -0.034400 -0.999354 0.981751 -0.190137 -0.003672 -0.189887 -0.981155 0.035756 -0.005798
  2211 0.051700 -0.027600 0.092800 0.862744 0.025581 -0.504993 0.108237 0.966226 0.233864 0.493920 -0.256423 0.830837 0.988934
  2212 0.051700 -0.027600 0.092800 0.862744 0.025581 -0.504993 0.108237 0.966226 0.233864 0.493920 -0.256423 0.830837 -0.004123
  2213 0.051700 -0.027600 0.092800 0.108237 0.966226 0.233864 -0.862744 -0.025581 0.504993 0.493920 -0.256423 0.830837 -0.000077
  2221 0.078600 -0.028400 0.069800 0.626676 -0.042427 -0.778124 0.224097 0.966143 0.127857 0.746355 -0.254500 0.614967 1.004212
  2222 0.078600 -0.028400 0.069800 0.224097 0.966143 0.127857 -0.626676 0.042427 0.778124 0.746355 -0.254500 0.614967 -0.001712
  2223 0.078600 -0.028400 0.069800 0.626676 -0.042427 -0.778124 0.224097 0.966143 0.127857 0.746355 -0.254500 0.614967 0.000666
  2231 0.055300 -0.062800 0.070600 0.373486 -0.488647 -0.788500 0.763330 0.644882 -0.038125 0.527119 -0.587647 0.613854 1.001444
  2232 0.055300 -0.062800 0.070600 0.763330 0.644882 -0.038125 -0.373486 0.488647 0.788500 0.527119 -0.587647 0.613854 -0.003632
  2233 0.055300 -0.062800 0.070600 0.373486 -0.488647 -0.788500 0.763330 0.644882 -0.038125 0.527119 -0.587647 0.613854 0.000728
  2241 0.018200 -0.054200 0.092200 -0.068505 -0.847055 -0.527072 0.989179 0.011017 -0.146302 0.129733 -0.531392 0.837133 0.983574
  2242 0.018200 -0.054200 0.092200 -0.068505 -0.847055 -0.527072 0.989179 0.011017 -0.146302 0.129733 -0.531392 0.837133 -0.002076
  2243 0.018200 -0.054200 0.092200 0.989179 0.011017 -0.146302 0.068505 0.847055 0.527072 0.129733 -0.531392 0.837133 -0.001413
  2311 0.051300 -0.086100 0.039700 0.146145 -0.289704 -0.945893 0.876187 0.481817 -0.012224 0.459289 -0.826992 0.324249 1.007250
  2312 0.051300 -0.086100 0.039700 0.146145 -0.289704 -0.945893 0.876187 0.481817 -0.012224 0.459289 -0.826992 0.324249 0.005302
  2313 0.051300 -0.086100 0.039700 0.876187 0.481817 -0.012224 -0.146145 0.289704 0.945893 0.459289 -0.826992 0.324249 0.000928
  2321 0.063700 -0.088400 0.006200 0.051683 -0.065022 -0.996545 0.800080 0.599889 0.002406 0.597659 -0.797440 0.083026 1.003788
  2322 0.063700 -0.088400 0.006200 0.800080 0.599889 0.002406 -0.051683 0.065022 0.996545 0.597659 -0.797440 0.083026 -0.003783
  2323 0.063700 -0.088400 0.006200 0.051683 -0.065022 -0.996545 0.800080 0.599889 0.002406 0.597659 -0.797440 0.083026 -0.002319
  2331 0.033000 -0.105100 -0.027700 -0.003521 0.019099 -0.999811 0.948801 0.315863 0.002680 0.315854 -0.948613 -0.019233 0.996217
  2332 0.033000 -0.105100 -0.027700 -0.003521 0.019099 -0.999811 0.948801 0.315863 0.002680 0.315854 -0.948613 -0.019233 -0.008166
  2333 0.033000 -0.105100 -0.027700 0.948801 0.315863 0.002680 0.003521 -0.019099 0.999811 0.315854 -0.948613 -0.019233 0.001790
  2341 0.033300 -0.103400 0.006300 0.037133 -0.110356 -0.993198 0.947054 0.321075 -0.000264 0.318921 -0.940602 0.116435 1.002720
  2342 0.033300 -0.103400 0.006300 0.947054 0.321075 -0.000264 -0.037133 0.110356 0.993198 0.318921 -0.940602 0.116435 -0.002181
  2343 0.033300 -0.103400 0.006300 0.037133 -0.110356 -0.993198 0.947054 0.321075 -0.000264 0.318921 -0.940602 0.116435 0.000088
  2411 0.095200 -0.030600 0.039200 0.310247 -0.058916 -0.948829 0.308174 0.950412 0.041770 0.899318 -0.305364 0.313018 1.006818
  2412 0.095200 -0.030600 0.039200 0.310247 -0.058916 -0.948829 0.308174 0.950412 0.041770 0.899318 -0.305364 0.313018 0.003734
  2413 0.095200 -0.030600 0.039200 0.308174 0.950412 0.041770 -0.310247 0.058916 0.948829 0.899318 -0.305364 0.313018 -0.000037
  2421 0.101700 -0.033800 0.005800 0.058699 -0.025854 -0.997941 0.314240 0.949324 -0.006083 0.947527 -0.313236 0.063849 1.002657
  2422 0.101700 -0.033800 0.005800 0.314240 0.949324 -0.006083 -0.058699 0.025854 0.997941 0.947527 -0.313236 0.063849 -0.003192
  2423 0.101700 -0.033800 0.005800 0.058699 -0.025854 -0.997941 0.314240 0.949324 -0.006083 0.947527 -0.313236 0.063849 -0.005629
  2431 0.086600 -0.063900 0.005600 0.055774 -0.041974 -0.997561 0.545104 0.838355 -0.004764 0.836510 -0.543509 0.069639 1.004329
  2432 0.086600 -0.063900 0.005600 0.545104 0.838355 -0.004764 -0.055774 0.041974 0.997561 0.836510 -0.543509 0.069639 -0.004164
  2433 0.086600 -0.063900 0.005600 0.055774 -0.041974 -0.997561 0.545104 0.838355 -0.004764 0.836510 -0.543509 0.069639 -0.000801
  2441 0.078100 -0.062900 0.039400 0.248416 -0.195321 -0.948757 0.593625 0.804677 -0.010157 0.765427 -0.560683 0.315843 1.007517
  2442 0.078100 -0.062900 0.039400 0.248416 -0.195321 -0.948757 0.593625 0.804677 -0.010157 0.765427 -0.560683 0.315843 0.000873
  2443 0.078100 -0.062900 0.039400 0.593625 0.804677 -0.010157 -0.248416 0.195321 0.948757 0.765427 -0.560683 0.315843 0.000370
  2511 0.063000 -0.090600 -0.027600 -0.022284 0.037010 -0.999066 0.803218 0.595671 0.004100 0.595267 -0.802377 -0.043001 0.999125
  2512 0.063000 -0.090600 -0.027600 -0.022284 0.037010 -0.999066 0.803218 0.595671 0.004100 0.595267 -0.802377 -0.043001 -0.006249
  2513 0.063000 -0.090600 -0.027600 0.803218 0.595671 0.004100 0.022284 -0.037010 0.999066 0.595267 -0.802377 -0.043001 0.001318
  2521 0.086100 -0.066100 -0.028000 -0.020726 0.011306 -0.999721 0.560697 0.828018 -0.002291 0.827761 -0.560588 -0.023501 1.000857
  2522 0.086100 -0.066100 -0.028000 -0.020726 0.011306 -0.999721 0.560697 0.828018 -0.002291 0.827761 -0.560588 -0.023501 -0.005554
  2523 0.086100 -0.066100 -0.028000 0.560697 0.828018 -0.002291 0.020726 -0.011306 0.999721 0.827761 -0.560588 -0.023501 0.000901
  2531 0.075700 -0.079800 -0.062000 0.025676 -0.011940 -0.999599 0.701680 0.712428 0.009585 0.712028 -0.701644 0.026671 0.999060
  2532 0.075700 -0.079800 -0.062000 0.701680 0.712428 0.009585 -0.025676 0.011940 0.999599 0.712028 -0.701644 0.026671 -0.003051
  2533 0.075700 -0.079800 -0.062000 0.025676 -0.011940 -0.999599 0.701680 0.712428 0.009585 0.712028 -0.701644 0.026671 -0.003596
  2541 0.048800 -0.099400 -0.062100 0.018812 -0.023635 -0.999544 0.907147 0.420752 0.007199 0.420390 -0.906868 0.029356 0.995733
  2542 0.048800 -0.099400 -0.062100 0.907147 0.420752 0.007199 -0.018812 0.023635 0.999544 0.420390 -0.906868 0.029356 -0.003617
  2543 0.048800 -0.099400 -0.062100 0.018812 -0.023635 -0.999544 0.907147 0.420752 0.007199 0.420390 -0.906868 0.029356 -0.009168
  2611 0.108700 -0.003300 -0.028000 0.002080 0.001717 -0.999996 0.067638 0.997708 0.001826 0.997708 -0.067642 0.001959 0.997688
  2612 0.108700 -0.003300 -0.028000 0.002080 0.001717 -0.999996 0.067638 0.997708 0.001826 0.997708 -0.067642 0.001959 0.005638
  2613 0.108700 -0.003300 -0.028000 0.067638 0.997708 0.001826 -0.002080 -0.001717 0.999996 0.997708 -0.067642 0.001959 0.000184
  2621 0.106800 -0.020600 -0.062100 0.021161 0.002681 -0.999773 0.224297 0.974493 0.007340 0.974291 -0.224402 0.020019 0.998900
  2622 0.106800 -0.020600 -0.062100 0.224297 0.974493 0.007340 -0.021161 -0.002681 0.999773 0.974291 -0.224402 0.020019 -0.002670
  2623 0.106800 -0.020600 -0.062100 0.021161 0.002681 -0.999773 0.224297 0.974493 0.007340 0.974291 -0.224402 0.020019 -0.002603
  2631 0.095100 -0.052400 -0.062000 0.026323 -0.002775 -0.999650 0.481666 0.876295 0.010205 0.875960 -0.481766 0.024403 0.999552
  2632 0.095100 -0.052400 -0.062000 0.481666 0.876295 0.010205 -0.026323 0.002775 0.999650 0.875960 -0.481766 0.024403 -0.003339
  2633 0.095100 -0.052400 -0.062000 0.026323 -0.002775 -0.999650 0.481666 0.876295 0.010205 0.875960 -0.481766 0.024403 -0.002355
  2641 0.101700 -0.036100 -0.027800 -0.027702 0.005355 -0.999602 0.332758 0.943003 -0.004190 0.942605 -0.332740 -0.027906 0.999007
  2642 0.101700 -0.036100 -0.027800 -0.027719 0.005307 -0.999602 0.332756 0.943003 -0.004241 0.942605 -0.332740 -0.027906 0.002201
  2643 0.101700 -0.036100 -0.027800 0.332756 0.943003 -0.004241 0.027719 -0.005307 0.999602 0.942605 -0.332740 -0.027906 0.001007
